0 5
0 21
0 24
0 23
0 36
0 44
1 0
1 2
1 3
1 9
1 31
1 37
2 17
2 19
2 21
2 24
2 22
2 25
2 38
2 41
2 42
3 2
3 20
3 21
3 24
3 33
3 37
3 44
4 8
4 11
4 12
4 13
4 25
4 27
4 29
4 34
5 1
5 7
5 9
5 10
5 16
5 17
5 24
5 28
5 32
5 39
5 45
6 0
6 5
6 8
6 11
6 21
6 31
6 38
6 45
6 46
6 48
7 8
7 9
7 22
7 25
7 49
8 5
8 7
8 21
8 25
8 36
8 44
9 6
9 10
9 11
9 21
9 22
9 23
9 25
9 37
10 11
10 23
10 32
10 40
10 48
11 4
11 7
11 13
11 15
11 16
11 22
11 28
11 37
11 40
12 0
12 5
12 9
12 25
12 32
12 36
13 22
13 23
13 49
14 1
14 11
14 16
14 20
14 22
14 23
14 30
14 37
15 4
15 5
15 9
15 11
15 16
15 37
15 41
15 44
16 0
16 2
16 18
16 25
16 27
16 28
16 31
16 33
16 45
17 3
17 7
17 8
17 12
17 19
17 25
17 28
17 30
17 31
17 38
17 41
18 6
18 15
18 17
18 20
18 22
18 28
18 34
18 41
18 49
19 15
19 18
19 25
20 14
20 18
20 32
20 38
20 41
21 2
21 3
21 22
21 27
21 39
21 47
24 18
24 22
24 23
24 32
24 38
24 46
22 10
22 18
22 21
22 23
22 28
22 32
22 38
22 41
22 45
22 48
23 8
23 20
23 24
23 22
23 31
23 32
25 4
25 5
25 6
25 7
25 9
25 15
25 21
25 26
25 28
25 32
25 34
25 36
25 37
25 43
26 0
26 6
26 12
26 18
26 23
26 27
26 32
26 48
27 7
27 10
27 12
27 13
27 15
27 25
27 26
27 35
27 37
27 40
27 48
28 1
28 5
28 9
28 18
28 22
28 23
28 25
28 32
29 3
29 8
29 9
29 10
29 15
29 22
29 27
29 31
29 40
29 43
30 8
30 13
30 21
30 22
30 25
30 29
30 48
31 0
31 2
31 15
31 18
31 21
31 22
31 46
32 9
32 17
32 24
32 30
32 35
32 37
32 40
32 43
32 46
33 4
33 6
33 11
33 36
33 40
34 6
34 12
34 15
34 17
34 20
34 25
34 29
34 32
34 33
34 42
34 49
35 6
35 15
35 29
35 31
35 32
35 36
35 37
35 39
35 40
35 43
36 2
36 4
36 5
36 17
36 25
36 37
36 38
36 39
36 44
37 1
37 3
37 6
37 10
37 11
37 14
37 16
37 24
37 22
37 28
37 38
37 46
37 48
38 3
38 14
38 19
38 20
38 31
38 46
38 48
39 9
39 11
39 24
39 30
39 34
39 41
40 1
40 6
40 10
40 15
40 16
40 20
40 30
40 32
40 36
40 48
40 49
41 0
41 1
41 11
41 13
41 15
41 18
41 20
41 21
41 23
41 25
41 29
41 30
41 33
41 40
41 46
42 4
42 5
42 9
42 38
42 43
43 3
43 23
43 25
43 32
43 42
44 4
44 17
44 43
45 8
45 12
45 13
45 15
45 17
45 29
45 31
45 32
45 35
45 37
45 44
46 0
46 7
46 15
46 18
46 25
46 48
46 49
47 2
47 25
47 41
47 45
47 46
48 3
48 9
48 12
48 20
48 34
48 41
48 45
49 4
49 7
49 10
49 40
49 47
49 48
